01101111
00000000
01000000
00010000
01101111
00000000
01000000
00100111
01101111
00000000
01000000
00101010
01101111
00000000
00000000
00100111
01101111
00000000
11000000
00101001
01101111
00000000
10000000
00101001
01101111
00000000
01000000
00101001
01101111
00000000
00000000
00101001
01101111
00000000
11000000
00101000
01101111
00000000
11000000
00100101
01101111
00000000
01000000
00101000
01101111
00000000
00000000
00101000
01101111
00000000
11000000
00100111
01101111
00000000
10000000
00100111
01101111
00000000
01000000
00100111
01101111
00000000
00000000
00100111
01101111
00000000
11000000
00100110
01101111
00000000
10000000
00100110
01101111
00000000
01000000
00100110
01101111
00000000
00000000
00100110
01101111
00000000
11000000
00100101
01101111
00000000
10000000
00100101
01101111
00000000
01000000
00100101
01101111
00000000
00000000
00100101
01101111
00000000
11000000
00100100
01101111
00000000
10000000
00100100
01101111
00000000
01000000
00100100
01101111
00000000
00000000
00100100
01101111
00000000
11000000
00100011
01101111
00000000
10000000
00100011
01101111
00000000
01000000
00100011
01101111
00000000
00000000
00100011
01101111
00000000
11000000
00100010
01101111
00000000
10000000
00100010
01101111
00000000
01000000
00100010
01101111
00000000
00000000
00100010
01101111
00000000
11000000
00100001
01101111
00000000
10000000
00100001
01101111
00000000
01000000
00100001
01101111
00000000
00000000
00100001
01101111
00000000
11000000
00100000
01101111
00000000
10000000
00100000
01101111
00000000
01000000
00100000
01101111
00000000
00000000
00100000
01101111
00000000
11000000
00011111
01101111
00000000
10000000
00011111
01101111
00000000
01000000
00011111
01101111
00000000
00000000
00011111
01101111
00000000
11000000
00011110
01101111
00000000
10000000
00011101
01101111
00000000
01000000
00011101
01101111
00000000
00000000
00011101
01101111
00000000
11000000
00011100
01101111
00000000
10000000
00011100
01101111
00000000
01000000
00011100
01101111
00000000
00000000
00011100
01101111
00000000
11000000
00011011
01101111
00000000
10000000
00011011
01101111
00000000
01000000
00011011
01101111
00000000
00000000
00011011
01101111
00000000
11000000
00011010
01101111
00000000
10000000
00011010
01101111
00000000
01000000
00011010
01101111
00000000
00000000
00011010
01101111
00000000
11000000
00011001
10010011
00000000
00000000
00011000
10010011
10010000
01000000
00000000
11110011
10010000
00000000
00110000
11110011
11010000
01011000
00110000
10010011
00000000
00000000
00000000
00010011
10000001
00000000
00000000
10010011
10000001
00000000
00000000
00010011
10000010
00000000
00000000
10010011
10000010
00000000
00000000
00010011
10000011
00000000
00000000
10010011
10000011
00000000
00000000
00010011
10000100
00000000
00000000
10010011
10000100
00000000
00000000
00010011
10000101
00000000
00000000
10010011
10000101
00000000
00000000
00010011
10000110
00000000
00000000
10010011
10000110
00000000
00000000
00010011
10000111
00000000
00000000
10010011
10000111
00000000
00000000
00010011
10001000
00000000
00000000
10010011
10001000
00000000
00000000
00010011
10001001
00000000
00000000
10010011
10001001
00000000
00000000
00010011
10001010
00000000
00000000
10010011
10001010
00000000
00000000
00010011
10001011
00000000
00000000
10010011
10001011
00000000
00000000
00010011
10001100
00000000
00000000
10010011
10001100
00000000
00000000
00010011
10001101
00000000
00000000
10010011
10001101
00000000
00000000
00010011
10001110
00000000
00000000
10010011
10001110
00000000
00000000
00010011
10001111
00000000
00000000
10010011
10001111
00000000
00000000
00010111
00010001
00010000
00000000
00010011
00000001
00000001
11100111
00010111
00001101
00010000
00000000
00010011
00001101
10001101
11100110
10010111
00001101
00010000
00000000
10010011
10001101
00001101
11100110
01100011
01011000
10111101
00000001
00100011
00100000
00001101
00000000
00010011
00001101
01001101
00000000
11100011
11011100
10101101
11111111
00010011
00000101
00000000
00000000
10010011
00000101
00000000
00000000
10010011
00000011
00000000
00000000
10110111
00000011
11111111
11111111
11110011
10100011
01000011
00110000
10010011
00000011
10000000
00000000
11110011
10100011
00000011
00110000
10010011
00000011
00000000
00000000
11101111
00000000
00000000
00011001
01101111
00000000
00000000
00000000
00100011
00100000
00110001
00000000
00100011
00100010
01000001
00000000
00100011
00100100
01010001
00000000
00100011
00100110
01100001
00000000
00100011
00101000
01110001
00000000
00100011
00101010
10100001
00000000
00100011
00101100
10110001
00000000
00100011
00101110
11000001
00000000
00100011
00100000
11010001
00000010
00100011
00100010
11100001
00000010
00100011
00100100
11110001
00000010
00100011
00100110
00000001
00000011
00100011
00101000
00010001
00000011
00100011
00101010
11000001
00000011
00100011
00101100
11010001
00000011
00100011
00101110
11100001
00000011
00100011
00100000
11110001
00000101
01100111
10000000
00000000
00000000
10000011
00100001
00000001
00000000
00000011
00100010
01000001
00000000
10000011
00100010
10000001
00000000
00000011
00100011
11000001
00000000
10000011
00100011
00000001
00000001
00000011
00100101
01000001
00000001
10000011
00100101
10000001
00000001
00000011
00100110
11000001
00000001
10000011
00100110
00000001
00000010
00000011
00100111
01000001
00000010
10000011
00100111
10000001
00000010
00000011
00101000
11000001
00000010
10000011
00101000
00000001
00000011
00000011
00101110
01000001
00000011
10000011
00101110
10000001
00000011
00000011
00101111
11000001
00000011
10000011
00101111
00000001
00000100
10000011
00100000
01000001
00000100
00010011
00000001
10000001
00000100
01110011
00000000
00100000
00110000
01101111
00000000
00000000
00000000
01101111
00000000
00000000
00000000
00010011
00000001
10000001
11111011
00100011
00100010
00010001
00000100
11101111
11110000
10011111
11110101
11110011
01100011
00010000
00110100
10010011
10000011
01000011
00000000
11110011
10010011
00010011
00110100
01101111
11110000
00011111
11111001
00010011
00000001
10000001
11111011
00100011
00100010
00010001
00000100
11101111
11110000
11011111
11110011
01101111
11110000
00011111
11111000
01101111
00000000
00000000
00000000
00000000
00000000
00000000
00000000
00000000
00000000
00000000
00000000
00000000
00000000
00000000
00000000
00000000
00000000
00000000
00000000
00010011
00000001
00000001
11111101
00100011
00100110
00010001
00000010
00100011
00100100
10000001
00000010
00100011
00100010
11100001
00000010
00100011
00100000
11110001
00000010
00010011
00000100
00000001
00000011
10110111
00000111
00100000
00000000
10010011
10000111
11000111
00000000
10000011
10100111
00000111
00000000
00100011
00100010
11110100
11111110
10000011
00100111
01000100
11111110
00100011
00100000
11110100
11111110
10110111
00000111
00010000
00000000
00100011
00101110
11110100
11111100
10010011
00000111
00010000
00000000
00100011
00100110
11110100
11111110
10010011
00000111
00010000
00000000
00100011
00100100
11110100
11111110
01101111
00000000
00000000
00000010
00000011
00100111
11000100
11111110
10000011
00100111
10000100
11111110
10110011
00000111
11110111
00000010
00100011
00100110
11110100
11111110
10000011
00100111
10000100
11111110
10010011
10000111
00010111
00000000
00100011
00100100
11110100
11111110
00000011
00100111
10000100
11111110
10000011
00100111
00000100
11111110
11100011
11111110
11100111
11111100
10000011
00100111
11000100
11111101
00000011
00100111
11000100
11111110
00100011
10100000
11100111
00000000
10110111
00000111
00100000
00000000
00000011
00100111
11000100
11111110
00100011
10100000
11100111
00000000
00010011
00000000
00000000
00000000
10000011
00100000
11000001
00000010
00000011
00100100
10000001
00000010
00000011
00100111
01000001
00000010
10000011
00100111
00000001
00000010
00010011
00000001
00000001
00000011
01110011
00000000
00100000
00110000
00010011
00000001
00000001
11111110
00100011
00101110
00010001
00000000
00100011
00101100
10000001
00000000
00010011
00000100
00000001
00000010
10010011
00000111
10000000
00000000
01110011
10100000
00000111
00110000
10110111
00010111
00000000
00000000
10010011
10000111
00000111
10000000
01110011
10100000
01000111
00110000
10010011
00000111
00000000
00101100
00100011
00100110
11110100
11111110
10000011
00100111
11000100
11111110
01110011
10010000
01010111
00110000
00010011
00000000
00000000
00000000
01101111
11110000
11011111
11111111
